0.75191793758042 1e-06
1.532084877925868 1.2499999999999999e-06
1.757681492031837 1.5624999999999999e-06
0.7734479204732545 1.953125e-06
0.742334530061605 2.44140625e-06
0.7753020299940693 3.0517578125e-06
0.7551982828548977 3.814697265625e-06
0.7788922555592596 4.76837158203125e-06
0.7565638544608135 5.9604644775390625e-06
2.004913106294615 7.450580596923828e-06
0.7403048392461271 9.313225746154785e-06
0.7408933578705301 1.1641532182693481e-05
1.1657567369390507 1.4551915228366852e-05
0.8802256936929664 1.8189894035458565e-05
0.8242756468909127 2.2737367544323206e-05
1.0698795887280483 2.8421709430404007e-05
1.3785835131242568 3.552713678800501e-05
1.4954077866004438 4.440892098500626e-05
1.2095402047342183 5.551115123125783e-05
1.0642505136071418 6.938893903907228e-05
2.1622190445053335 8.673617379884035e-05
2.6443925639994594 0.00010842021724855044
3.555585823454229 0.00013552527156068805
3.3250827682964808 0.00016940658945086007
4.501748418241824 0.00021175823681357508
5.449433823580005 0.00026469779601696886
3.5713826721244284 0.00033087224502121107
6.140528666729829 0.00041359030627651384
4.422674158964768 0.0005169878828456423
11.723163362060275 0.0006462348535570528
5.8817366714342825 0.0008077935669463161
18.966696855973225 0.001009741958682895
2.9782598607375155 0.0012621774483536187
14.329664191421198 0.0015777218104420234
9.048875113531034 0.0019721522630525294
17.07092555688352 0.0024651903288156617
10.523350204740252 0.003081487911019577
43.09437919149593 0.003851859888774471
32.502051801097636 0.004814824860968089
54.31912542849171 0.006018531076210112
53.2469288962228 0.00752316384526264
36.557950331240285 0.0094039548065783
103.01589483144332 0.011754943508222874
132.6368410538654 0.014693679385278591
133.36635067998145 0.01836709923159824
285.0701547739457 0.022958874039497798
297.6861871213329 0.028698592549372248
78.35146436885911 0.03587324068671531
586.7538592280174 0.04484155085839414
854.5792135121872 0.05605193857299268
